194 237 270 287
162 178 186 189
194 228 253 269
169 189 200 201
160 193 213 222
157 202 225 240
128 150 161 170
139 173 191 207
230 256 268 276
160 180 190 195
190 214 231 234
132 177 192 202
129 157 166 168
99 123 135 147
109 136 146 156
103 134 149 165
114 144 158 163
174 201 221 234
148 182 195 200
130 154 172 181
90 115 125 128
149 187 209 216
149 179 191 196
135 166 180 192
180 217 245 256
157 192 206 214
207 221 230 231
161 194 205 215
129 164 187 198
134 167 187 195
104 122 132 137
112 135 143 147
145 169 179 180
138 165 172 174
176 225 258 283
227 273 297 313
97 120 132 137
174 199 207 208
161 194 203 213
132 174 200 213
132 149 160 166
181 203 223 229
138 176 201 210
153 169 181 185
176 213 235 240
186 239 268 293
204 241 260 267
151 174 184 188
203 238 261 278
117 152 163 178
170 199 209 213
152 184 202 217
112 132 143 154
112 126 133 135
223 286 319 341
236 255 257 258
197 241 269 283
248 291 326 336
139 166 178 185
133 165 188 200